0
-1
-2
-4
0
14
39
69
96
114
119
113
95
68
35
-5
-43
-79
-105
-123
-126
-122
-103
-76
-41
-2
37
71
97
114
119
113
95
68
35
-5
-43
-79
-105
-123
-126
-122
-103
-76
-41
-2
37
71
97
115
120
114
96
70
36
-4
-42
-78
-105
-123
-126
-122
-103
-76
-41
-2
37
71
97
115
120
114
96
69
35
-5
-43
-79
-105
-123
-126
-122
-103
-76
-41
-2
37
71
97
114
119
113
95
68
35
-4
-42
-77
-103
-121
-125
-122
-104
-78
-43
-4
36
69
96
113
118
112
95
68
35
-5
-43
-79
-105
-124
-127
-124
-105
-78
-42
-4
36
70
96
114
120
115
97
70
36
-3
-42
-77
-103
-121
-125
-122
-104
-77
-42
-3
37
71
97
114
119
113
95
69
36
-4
-42
-78
-105
-124
-127
-123
-104
-77
-41
-3
36
70
96
114
120
115
97
70
36
-4
-43
-78
-104
-122
-125
-121
-103
-76
-41
-2
37
70
96
113
118
113
96
70
37
-3
-42
-77
-104
-123
-126
