0
-1
-2
-3
1
14
40
70
99
118
124
118
100
73
38
-1
-39
-74
-101
-119
-125
-119
-101
-74
-39
-1
38
73
100
118
124
118
100
73
38
0
-39
-74
-101
-119
-125
-119
-101
-74
-39
-1
38
73
100
118
124
118
100
73
38
-1
-39
-74
-101
-119
-125
-119
-101
-74
-39
0
38
73
100
118
124
118
100
73
38
0
-39
-74
-101
-119
-125
-119
-101
-74
-39
0
38
73
100
118
124
118
100
73
38
-1
-39
-74
-101
-119
-125
-119
-101
-74
-39
-1
38
73
100
118
124
118
100
73
38
0
-39
-74
-101
-119
-125
-119
-101
-74
-39
0
38
73
100
118
124
118
100
73
38
-1
-39
-74
-101
-119
-125
-119
-101
-74
-39
-1
38
73
100
118
124
118
100
73
38
0
-39
-74
-101
-119
-125
-119
-101
-74
-39
0
38
73
100
118
124
118
100
73
38
-1
-39
-74
-101
-119
-125
-119
-101
-74
-39
0
38
73
100
118
124
118
100
73
38
-1
-39
-74
-101
-119
-125
